34
3 3 3
3 3 4
10 11 13
1 17 43
42243053403086751579828888739829632491352226408261499550544215980461274206630346781405868 85370101559802510484207037660783411564053111816606825734194188374240244690105493443801931 9548112225171765973965907638007791906089938113157731439564097913999308440400513488411396 806250178287218232 465545252
901482315126775569777541312084741056950143599922548893270534863644842587883116947557841 954447158378277869605936813170657413831267164675008410754344864623376674112319691711573725 673613337240362245145820301578006771509084657628748576931214030816694010867634734217003105 39700228558301390 508500920
20691187869080690667591577924521472919583520690449443223539330120263008221896208748342200 76979914949115069589498716686934799312652317461309199477092460276209708268487302762484980 2349134358615295114681225788695681918636082134999403510228253963592217118261679941260650 122133619262326041 513511443
92238695310361871135400042627678019243358929269327947731548160449434318514974263844293274 31368281763226828467594600094857022235987141910608859974639544531681426677911374249215540 44000333540814999277018828243883443989160126619960313499872221596445288535787819188002200 4365869374031154 283909114
208902562545645085981511049537635386171227906489599006286225140180263758343515422171043664 83354988074592816433433659411068583467799803016032672091404222080386826953258839638286869 88857890546989715938116932447747666819186051789545886378069143581529014459901498225874399 183348980946706435 541840028
89689219617600945516279441479195804877701199337718335251575158195723227826605601312284760 3329186901608615286732776795929007335480557630136808479406514341503107522169497599443375 478295947235439520919154370681956327919549359437686890719126710953376019531159687807609281 88722291370261211 365152371
3348704141093099515326160808334072955778407396709715856828795234673703158652533087706941 267949670398424086904213208381820744465405431414704162899514140799948211449125973397622333 9451358079641118122300562473572057287535253738049836851884172470038936985876596403664277 453164017674046479 458349752
342371552244078598610254135529561129986035851230267660752568219844461882724045721405269 683992706399102212784571270764498725112281837982987088739990148482403245287081963798249709 138639230466976682772116294150834762700230551056243917777992322142664445614810275488749 637555260325349970 453596845
156900452231068757983137138822589238629616415323511764338820824539110160459003577643348664 46267220129562090276468524784285008021875906358510560934591439890287954712003209303342979 19890846551516645926980002881353253261409530797299931048979963747162197795502540312712244 260290680548465018 557948971
5647624525985382830958222405025996361789829309215573080137268137670420181719999637196 77212446279495054859560171787720613878400104490553199888376634711377620375291829518339391 55991572973190348344731847228269979211083449577993654363628141982646242245114399556639084 567111340956810565 824413529
31044976780548164992989476496599556412544872216603189316713604784271033770679034521296488 433443435248117651405504103765397232811541754936315601995187173408316636899810724924924 73378645970673232373030018279858375415395641769999081354300656780697828614303577864162045 922168107114025671 796219086
732832031722087458869032121838357748913791674272989026124946079109959952399254532227222169 148139718704726717286973278339068067995583239700053688873953723309337642811731428700143750 717341966307258720481565687342534170127560252654661325579990448709025118454575988160398757 249162852724974933 371041423
600724302877811327983956841829455717521677737302638561357774793180332459119256069586997388 77547738728692682341343288228454487970116277488186426477821073504449308291964546168122261 18499831359595167887214393895767889960482873264393690630862683557308537510206949338695927 472278410689807966 984271691
875676709903563403311012253629317111588816128325029962520427889527620212925952329532677380 997439540761196409843704545784611508410250193938618303921630168945209777455019968398331284 71539083325948071299461531998422140122587572724475372560975537972244200771190633947313737 754086673432888517 11913440
260486901602954733757011543482519203603341716630987026174484181151966184737389042427906352 552579972232223239496655552195294214864427524350913382162439697294053190575170372571163424 37576715415645076346305793690591481522036784949567138570650106551636249421267752801408508 807749877500379486 154251273
11067637795914743030685767525106274476705906817545446248114709878906882526005568689127768 368686159631212982271587634909278905373807321758007344531604107949659124468810485600538299 2445769657800683526593553521695933914315861043783604510485094684704558410991640984464493 839391803784775600 979520779
596177163210187089466781913728396569102575854494592432726441873672132204926448238220271357 175636705321660054428590001909802992822901100826360710816333444628161638697796489414196017 4966469814130672841723886864926991387883631463863789948082257613745262996375181444086684 37815023665321479 360130568
24083333295948933687426093861169180523379431897705246155372141495770966502744871969629633 455699517781093649555637061741066475778692590332615293756859147984861929412472207864454 17279126462300280939057527651930813057157217845238086531711818075262079115886517697203193 806774907629312631 295831900
854041372220926372856527827621400176904210201916105941472937126179419564151894733548994322 8441615393025926486448794677668633793237273655081688548954251315764745795945860263237263 223745207856727412087594510233771375192659905749719098326573789353260355318296818506 465993805634047745 598140812
4757790483798210976167680774724356267127432924713801455551522768874404512204242648000951 64665497367322043553026406418082371654664481081989542578719413871133977689393024771123608 332209083206349695447597921645407652878613797459565064727082199276567901457207485275587872 965189007441395411 76079112
475811702682975642197195949616605709767494892214491189105883354540291787555054152255111629 365765022912333385135321971632751541711462456563156108652467644105177166976823566434107495 233997346230807904534527363861726739986881300925056028903302601984230816228413606265621016 3653412314017585 536484420
732910324915878789300950299376025966118545692281322352302832506923211710375119137894649435 43228782349505867338646335842902491786926772135363046515518191958558191258576785886405057 12809999216412876293033115955264473560219258491129153237223843138810695272301122898705401 4555460372725784 425035077
75581983947708450163206397988721323319905455875114989540927564763965003993939166719190926 328345614316515372515929612171042975119455290371047009352765150576987867314262868333038990 275465701920201076112342568359422369654630211975652553151013730543057315125403176223708208 444228091913928929 561374606
510590810295679823908934597449080620852334060992435327575144196332617590939251685269133069 200624675337604341164320317622677660621905668659733904392410443638731129340890440795492773 595511846638146245759115362593930051724255451743611845995221323579499031255101184523125536 828745484183681200 610707057
252379436993239959867102319627319680989906617545427985633746999975852494117053789912238773 2811144508639981604282230683822695259464844241557042123156044530335935367719028225058956 188116429754630455753921871359886171282949183882080039980452459469829995296890002406768396 647910086237285862 474472482
631499716479030388926941470993442796677572589737946285247577919785723318302973643312832998 43998116841533228643322659492818036974578319903768184332326013670156132852048765223220398 80415095318101604086444472549348262910158743589550378270316470356913057287920302564176375 897292417509291911 836590818
75622293825486032078448907421163163623572705351538535416377751539844300764182936589690249 70168311176133152375511305172769424379539276922074374803266431142653087998983276480082019 1277389531277777530046994925245940521453714585781451886191381998788344524155514888892887 450822767365807133 555330352
5487245657890944286798865097482727676351874868289442415637707153273629388366894177055117 91798520073982163190404299477718008149366036700935347196162180776415772143794969644892853 60595977844003235323422552464823165461362249546609005532151956623834344055320925893875025 368826089311490448 772105397
53984872478321515076110356070114295890798043695491631911178044924424124592116989539764944 44713316374521968484290751345230709886633631425573586558697372669681461927998205100363733 382559799262515496658512149962514239681957172876023437239264436223463820294179160782813510 97035291612989169 591383006
942961757568083444200593813141009951752148791949578302120960918975880430112997389252130029 161729816122560329502547660150892110616039927626772258810054557873088445343369234692206346 8295659105948025892526864675868739325687091733063372265951548454156760583204552745854341 375451956714153173 845637279