1
3
4
5
11
12
13
14
15
16
17
18
19
20
21

43
44
45
46
47
48
49
50
51


1 x 55
3 x 51
4 x 49
5 x 45
11 x 38
12 x 37
13 x 36
14 x 35
15 x 34
16 x 33
17 x 31
18 x 29
19 x 28
20 x 26
21 x 23
43 x 17
44 x 17
45 x 17
46 x 17
47 x 17
48 x 17
49 x 17
50 x 17
51 x 17
52 x 17
53 x 17
54 x 17
55 x 17
56 x 17
57 x 17
58 x 17
59 x 17
60 x 17
61 x 17
62 x 17
63 x 17
64 x 17
65 x 16
66 x 15
67 x 14
68 x 13
69 x 12
70 x 11
71 x 10
72 x 9
73 x 8
74 x 7
75 x 6
76 x 6
77 x 6
78 x 6
79 x 6
80 x 6
81 x 5
82 x 4
83 x 3
84 x 3
85 x 1