																	10 11 16
						13 11 16														10 13 16								10 11 10
			13 14 16						13 11 12						14 13 16							10 13 11				10 10 10
		13 14 13		15 14 16			12 11 12	13 12 12			14 15 16			14 13 13			12 13 11		10 10 11
	13 13 13		15 15 16	15 14 14		12 12 12	12 12 12		15 15 16	14 15 14		13 13 13		12 11 11	12 13 12	10 10 10
				15 15 15	14 14 14							15 15 15	14 14 14					11 11 11	12 12 12
				
				
					10 13 18
				15 13 18		10 14 18		10 13 11
									10 10 13	12 13 11
						
						
						10 11 16
						6 / 2 = 3